35
46
5
49
44
23
12
40
23
45
22
16
13
8
5
17
33
13
47
5
16
42
7
9
42
49
8
40
35
45
44
20
42
48
18
35
21
29
26
45
25
47
11
38
7
15
4
39
29
2
45
44
43
2
2
34
2
11
26
37
5
19
6
48
19
25
35
41
3
10
35
28
7
47
17
13
11
22
3
41
24
50
34
16
3
37
50
4
47
25
42
3
45
49
1
13
23
35
3
28
46
38
7
2
34
23
16
47
44
21
37
17
20
23
35
22
9
34
27
6
10
19
10
6
17
10
19
42
46
21
19
42
10
25
45
46
47
13
42
42
33
30
11
4
2
45
25
11
30
3
18
41
21
29
46
40
41
14
31
36
37
49
29
48
25
24
43
21
36
36
14
20
18
24
23
19
18
49
31
49
1
50
39
24
29
35
15
19
50
47
4
38
45
35
36
21
8
30
43
45
18
6
14
35
30
38
3
49
36
36
50
38
35
38
13
13
24
27
33
24
23
39
13
19
23
48
41
30
30
33
26
47
39
39
31
20
28
35
20
15
20
19
4
7
9
17
19
32
45
4
7
20
42
22
40
14
19
31
45
50
13
20
46
3
10
28
24
39
15
44
3
34
14
6
42
24
24
13
6
19
16
14
40
7
35
29
22
6
11
18
5
26
37
3
28
48
32
4
36
46
47
40
32
12
45
23
36
19
35
43
39
50
8
28
8
45
8
31
50
19
48
6
46
36
10
23
33
44
26
20
39
24
9
22
38
6
47
25
26
31
17
14
33
26
43
42
20
50
23
19
20
20
27
15
6
36
40
40
31
17
12
20
43
20
43
30
27
39
4
2
22
22
17
4
47
9
47
17
11
19
37
32
41
13
49
46
1
38
37
31
6
48
2
48
18
47
27
46
35
32
50
6
3
16
11
50
27
8
18
39
28
4
20
18
19
18
15
19
7
2
1
15
49
5
12
18
1
41
14
35
22
13
43
27
30
3
28
6
12
45
44
42
48
16
11
18
35
26
36
44
27
39
8
27
43
19
45
43
11
10
29
33
24
21
11
3
26
38
11
39
32
4
30
31
21
41
49
6
18
36
49
46
24
6
22
18
26
18
10
37
29
41
21
2
11
31
7
38
20
17
27
1
22
6
33
43
48
33
50
15
19
50
10
44
7
34
12
32
1
23
20
30
15
42
31
26
24
39
13
43
5
41
45
29
47
28
23
46
12
24
11
30
23
22
26
29
5
39
12
6
13
32
37
28
25
17
5
1
8
19
45
14
10
40
42
8
19
16
3
30
39
15
12
11
37
37
39
41
27
3
48
39
34
34
16
10
3
22
10
10
41
5
23
50
46
17
7
14
32
9
45
23
24
6
35
12
44
26
2
20
28
2
11
13
35
28
22
39
50
34
48
40
40
23
39
35
39
45
50
22
5
46
44
30
4
31
41
49
6
45
19
33
46
31
45
32
8
18
21
7
1
20
46
42
42
36
28
32
32
29
6
37
25
1
18
28
31
9
26
36
5
46
18
2
28
14
33
36
32
5
42
34
27
40
26
20
25
3
4
9
32
9
47
8
9
14
35
40
24
12
27
28
10
45
31
37
8
16
22
41
20
16
25
48
7
50
18
33
4
21
41
35
29
37
42
39
3
28
28
28
42
7
8
1
1
38
39
10
3
13
1
25
28
25
22
36
26
39
18
29
11
9
16
41
47
7
30
1
37
9
29
28
15
36
30
17
23
18
27
26
30
29
2
9
5
23
44
32
14
12
10
26
22
25
17
20
34
46
21
20
6
49
49
21
34
28
39
8
45
17
35
27
47
36
37
1
9
31
32
24
44
44
49
15
20
15
34
3
12
4
24
20
4
22
42
37
49
30
47
46
47
31
24
43
17
10
46
27
40
29
2
35
22
50
49
44
17
35
46
30
40
22
49
46
43
42
34
44
22
30
39
20
11
12
14
29
21
9
7
13
40
8
47
13
9
48
6
27
34
2
9
25
25
9
20
17
1
4
10
24
33
50
43
45
13
6
23
36
17
31
50
6
40
46
18
1
45
24
27
28
27
37
3
1
46
22
19
48
25
31
21
10
30
13
4
45
20
29
30
38
9
29
45
49
26
13
49
21
38
27
48
16
14
2
18
11
26
36
8
50
18
28
11
48
42
15
44
13
43
23
1
3
3
45
3
28
9
3
50
46
32
50
13
45
1
30
5
26
18
12
28
35
41
38
34
32
4
27
44
48
1
46
1
3
41
5
33
49
8
32